0  COSMOS 2251,-72.6473914947172,152.41604545887657,797.3267774116788
1  COSMOS 2251 DEB,14.396787710175227,39.39970779288885,788.8239286866175
2  COSMOS 2251 DEB,-68.6841067168024,35.87108687733131,770.4620238373406
3  COSMOS 2251 DEB,-44.47257360574935,-99.63937437926322,724.2611330480304
4  COSMOS 2251 DEB,37.47019691110231,1.4571782355530984,797.5066430356383
5  COSMOS 2251 DEB,-32.92927108935316,13.456157329062425,777.2808199390734
6  COSMOS 2251 DEB,-41.04949175661464,48.063962666729104,795.173373989042
7  COSMOS 2251 DEB,12.266610982725798,-35.6361010590599,684.0415706416413
8  COSMOS 2251 DEB,31.656156039890448,4.3663476043213345,764.0486251267436
9  COSMOS 2251 DEB,-58.50222230740039,-106.38893631236046,758.4521470291304
10  COSMOS 2251 DEB,11.095392662620348,-177.91384065861004,825.4176395421496
11  COSMOS 2251 DEB,-23.899462334517327,-20.742527725862324,1084.3618968719982
12  COSMOS 2251 DEB,-59.00612653452965,-27.98129635989788,739.4531734926761
13  COSMOS 2251 DEB,66.22684844583382,-159.22183862443043,782.2481158246259
14  COSMOS 2251 DEB,-6.697741817034986,-161.11118735242138,769.2563508286661
15  COSMOS 2251 DEB,-36.80938168421439,-81.84707467740475,675.1450387718774
16  COSMOS 2251 DEB,-53.55860262233809,56.75644209118539,756.1612730235124
17  COSMOS 2251 DEB,-32.216269275753426,133.99352782675072,859.5103749962278
18  COSMOS 2251 DEB,53.51335189718732,-39.616737270381805,809.6532307963223
19  COSMOS 2251 DEB,-9.095365379408392,71.57880445565694,884.86930827768
20  COSMOS 2251 DEB,-12.530763028109217,16.12363124052222,888.6922419431163
21  COSMOS 2251 DEB,35.7500601533744,-157.2726079623304,658.4571217487246
22  COSMOS 2251 DEB,9.159351550193534,-115.23964395672397,650.9182027203386
23  COSMOS 2251 DEB,-46.30551187580224,-136.88412834582508,730.9595148945949
24  COSMOS 2251 DEB,-4.993767631644463,-91.29894111496644,711.9572663137951
25  COSMOS 2251 DEB,19.384165603779834,-87.83069175603657,714.7163829716516
26  COSMOS 2251 DEB,58.65404254031315,-133.9314699383521,641.5258607357746
27  COSMOS 2251 DEB,30.79127626545222,125.64933619796652,680.7774291546947
28  COSMOS 2251 DEB,-36.33820112506407,74.98882425492089,667.7785520892438
29  COSMOS 2251 DEB,56.52978099225365,-113.86167766898915,640.9208630253689
30  COSMOS 2251 DEB,37.165538273508844,-105.94147673525347,497.5946945572501
31  COSMOS 2251 DEB,32.617642954794235,109.62958792098046,716.6054849102381
32  COSMOS 2251 DEB,73.91182695643754,-54.203662893952306,809.7830860233057
33  COSMOS 2251 DEB,-32.439059305407284,148.06654444531202,1147.1326621898029
34  COSMOS 2251 DEB,9.284127597176576,1.322551690861493,693.9541791770927
35  COSMOS 2251 DEB,6.392755998409064,83.98694894588488,735.0587445247767
36  COSMOS 2251 DEB,35.444623796213726,76.60764322996101,752.1446559150314
37  COSMOS 2251 DEB,-69.35412826206975,-152.234156351921,734.4480900368823
38  COSMOS 2251 DEB,34.42669624308742,-16.516510171549662,762.0276171414143
39  COSMOS 2251 DEB,-63.421749322991595,141.24668370354803,903.7087819782635
40  COSMOS 2251 DEB,-38.147275146625084,-153.51218679460374,631.4821283086562
41  COSMOS 2251 DEB,-61.762919113615126,12.610123838349262,767.0792348768804
42  COSMOS 2251 DEB,-73.86159767465519,-107.29885855606528,884.244670048094
43  COSMOS 2251 DEB,-73.85279591638435,72.73159189878142,768.4290073798021
44  COSMOS 2251 DEB,6.580979028379698,-76.98650692254398,693.2176984449233
45  COSMOS 2251 DEB,-54.435832228604994,21.497918055968043,749.7797645755827
46  COSMOS 2251 DEB,24.525051654446212,170.50641053080633,672.3689951209884
47  COSMOS 2251 DEB,34.985686645929505,99.99364425607139,789.7289185864181
48  COSMOS 2251 DEB,-70.80245739649273,-174.30270464375866,722.5817972849962
49  COSMOS 2251 DEB,-38.09333344241282,18.97962083112908,732.2202578454153
50  COSMOS 2251 DEB,11.57434606542315,-77.05724699019974,752.7183247660934
51  COSMOS 2251 DEB,-56.984740349767215,-148.00056303177834,723.5600910990333
52  COSMOS 2251 DEB,20.23835485079692,9.35693402374614,790.5240489364468
53  COSMOS 2251 DEB,52.87015556213175,177.40124296430452,793.5563165029273
54  COSMOS 2251 DEB,14.91299355308263,-177.19815208664122,571.3411364160772
55  COSMOS 2251 DEB,-50.17759407704443,141.16148003388162,836.30129120223
56  COSMOS 2251 DEB,52.70289842190233,-93.31002209881329,623.4983131206285
57  COSMOS 2251 DEB,35.33631453602557,-71.49640445760859,760.078046210377
58  COSMOS 2251 DEB,68.81834150732327,21.31727636436777,488.53208474507824
59  COSMOS 2251 DEB,-42.20802336471819,157.60747836385207,722.9471251071234
60  COSMOS 2251 DEB,-39.068148535833465,-29.78699732319167,764.3606532341435
61  COSMOS 2251 DEB,10.043924357261577,37.69086494317538,738.9281694758017
62  COSMOS 2251 DEB,-31.274491262091296,158.6200227260249,769.8617179492146
63  COSMOS 2251 DEB,47.633721017111085,43.15737111643184,804.430359167171
64  COSMOS 2251 DEB,4.153173260633587,-106.72546457740066,683.8208128021182
65  COSMOS 2251 DEB,3.6697691625013125,-0.043216254615428835,767.0796597118376
66  COSMOS 2251 DEB,-9.009692643298582,-169.57044958834288,706.9515672873134
67  COSMOS 2251 DEB,-28.44434748708928,-133.07193701413811,827.8548786154022
68  COSMOS 2251 DEB,-26.604541220414077,96.21043681263967,808.9883356323054
69  COSMOS 2251 DEB,-58.615384317071054,74.75281793228496,840.3046045066149
70  COSMOS 2251 DEB,30.719937006071238,159.35230807361813,1094.0390564710583
71  COSMOS 2251 DEB,-63.868932496361815,11.054510354574669,761.0589308165706
72  COSMOS 2251 DEB,56.31388932933092,-57.591898837795405,772.4128314564948
73  COSMOS 2251 DEB,40.48222548009291,-58.003171689573826,787.222597285936
74  COSMOS 2251 DEB,-72.639558814532,-116.15097231277414,1234.0285782613964
75  COSMOS 2251 DEB,-65.13031754008743,-107.83047158965792,857.5593827054831
76  COSMOS 2251 DEB,-68.59653867114456,-29.385559307756047,1088.5868746871186
77  COSMOS 2251 DEB,-46.408963244274375,68.78936421594325,1135.8598667138174
78  COSMOS 2251 DEB,8.671510985316571,-6.699836495359666,637.8324160415607
79  COSMOS 2251 DEB,42.91747256473175,163.0601346354046,688.1940644001377
80  COSMOS 2251 DEB,23.830550511106388,-104.64340608226898,768.981969013405
81  COSMOS 2251 DEB,27.082925703552153,-71.8459758988162,576.4608600771252
82  COSMOS 2251 DEB,-22.062845874225157,99.43528657041459,755.5889933542015
83  COSMOS 2251 DEB,-28.67820877082332,19.726286695489822,889.4259328201324
84  COSMOS 2251 DEB,-48.03354785235545,10.826950461970771,719.3842304926413
85  COSMOS 2251 DEB,48.32662961769534,125.42780980809717,688.1531200464525
86  COSMOS 2251 DEB,-43.926635438225446,111.08167009280142,765.0119664352306
87  COSMOS 2251 DEB,-66.7564518286173,-116.40022168410843,772.444535296475
88  COSMOS 2251 DEB,25.2005028626782,42.83771276865497,812.9693090217156
89  COSMOS 2251 DEB,69.26375479790106,77.38387192469135,818.7662043474074
90  COSMOS 2251 DEB,-53.1056499102718,62.22860135913031,754.2382082877522
91  COSMOS 2251 DEB,-60.33204932711689,110.13808725003965,732.2191804697161
92  COSMOS 2251 DEB,-73.37057848161861,-38.03587835315817,745.1466619441044
93  COSMOS 2251 DEB,55.77025231744012,-52.78157158724429,779.6548913684828
94  COSMOS 2251 DEB,-25.51531504376996,109.52261219249277,755.7305766793305
95  COSMOS 2251 DEB,47.72703951233978,138.3481962658803,765.7598549665269
96  COSMOS 2251 DEB,-52.518323324860354,34.72828791146858,788.7775005584135
97  COSMOS 2251 DEB,69.20997556142673,-90.25863437140927,788.2644632511347
98  COSMOS 2251 DEB,71.61880508919754,-87.49712573082394,802.023484409005
99  COSMOS 2251 DEB,-43.397994330815195,-161.25540533847024,778.8978785684889
100  COSMOS 2251 DEB,9.974608925534417,-177.85170576991862,767.9586491438056
101  COSMOS 2251 DEB,56.42857389979421,-133.47267376105188,891.8869472390361
102  COSMOS 2251 DEB,-70.71711845752186,7.361094631401756,741.2650245391264
103  COSMOS 2251 DEB,-44.43311977713535,69.29161941318783,829.8420536260273
104  COSMOS 2251 DEB,28.60765512666063,58.77452084436446,762.8686824240497
105  COSMOS 2251 DEB,35.53030674414139,-103.97999388507957,628.6346538480689
106  COSMOS 2251 DEB,25.710215765224426,6.329598094146584,701.6094826107733
107  COSMOS 2251 DEB,53.62460126698054,130.26505465661302,773.7020543128953
108  COSMOS 2251 DEB,21.975654682104857,9.545957856301357,745.3698225688801
109  COSMOS 2251 DEB,-34.339043490965196,59.1512183787535,802.9981853419553
110  COSMOS 2251 DEB,-17.57221099407287,-137.71142824898178,679.0835597016489
111  COSMOS 2251 DEB,-42.794267958257315,38.43278693635021,950.5197436080368
112  COSMOS 2251 DEB,55.35503925948949,149.84469888466847,684.8670298044257
113  COSMOS 2251 DEB,7.724383952825302,86.46399297078531,682.1994379800425
114  COSMOS 2251 DEB,-31.3458445359642,115.9500776803387,756.3999091524905
115  COSMOS 2251 DEB,60.04723737915931,30.843070118978893,766.7703543136852
116  COSMOS 2251 DEB,-41.39928395091031,126.68974467232357,737.9654976799482
117  COSMOS 2251 DEB,-19.8654236515821,-68.71977684195174,762.0662597493634
118  COSMOS 2251 DEB,18.140278754666113,164.75761872202696,690.3995324214909
119  COSMOS 2251 DEB,-18.988974604550517,22.321903575446314,787.2448066675554
120  COSMOS 2251 DEB,49.959178270856796,106.69196272292233,874.5745660976944
121  COSMOS 2251 DEB,-72.4235130286357,-176.31241137109112,773.1088156687161
122  COSMOS 2251 DEB,28.223650452825275,152.7834480893989,767.4391683902218
123  COSMOS 2251 DEB,-45.67319286253293,-0.733016481393818,744.0315324337864
124  COSMOS 2251 DEB,-50.661398763753546,-20.63498206585839,773.0823910448909
125  COSMOS 2251 DEB,27.120198522410575,42.72272067372721,792.4686297933896
126  COSMOS 2251 DEB,-50.48109031774606,-143.540444742149,786.6784577434562
127  COSMOS 2251 DEB,-20.04766547045056,-0.6585506296484069,737.383945429788
128  COSMOS 2251 DEB,42.940412142466066,-94.97650035009408,772.1205910469337
129  COSMOS 2251 DEB,-12.39318815401219,89.57128742521121,714.7633508442664
130  COSMOS 2251 DEB,-62.25964484567388,-177.50168086047364,642.8582741453856
131  COSMOS 2251 DEB,35.70295518236224,125.87334569226189,679.4812922589098
132  COSMOS 2251 DEB,71.70156573938874,-99.9276370288007,781.3335604612469
133  COSMOS 2251 DEB,nan,nan,nan
134  COSMOS 2251 DEB,-56.551497004434914,-7.494007447522246,1096.321788424059
135  COSMOS 2251 DEB,73.51402300874854,53.905129764788555,775.2241053890463
136  COSMOS 2251 DEB,-73.37399255034128,130.82811404963098,662.710480883379
137  COSMOS 2251 DEB,40.84730681078774,-102.0225001647036,762.7034691061926
138  COSMOS 2251 DEB,-61.92972594292197,42.25635268362244,782.5346518318643
139  COSMOS 2251 DEB,59.46008681325558,-29.65929847411565,795.6440466133073
140  COSMOS 2251 DEB,22.309816124023016,35.65976079578907,797.6484851932628
141  COSMOS 2251 DEB,19.878201318183393,-16.85450477596829,943.8612977734784
142  COSMOS 2251 DEB,35.314910449446295,168.8068021553893,1599.31599553968
143  COSMOS 2251 DEB,73.8830121656208,-31.066080855654977,544.5740601471341
144  COSMOS 2251 DEB,-3.2863692638941964,122.4867833591498,416.16236280467757
145  COSMOS 2251 DEB,-3.420014467695023,116.14379042428678,754.6751220094576
146  COSMOS 2251 DEB,-52.90915462905226,110.70844273327447,743.800128521448
147  COSMOS 2251 DEB,9.8233231191231,-17.58177705113971,704.117536907545
148  COSMOS 2251 DEB,28.309010033058538,92.07111106294715,826.3900167549141
149  COSMOS 2251 DEB,-58.507803061113556,16.715851975727343,736.2480370930432
150  COSMOS 2251 DEB,30.22788659443452,-48.06653617637311,757.6427388591688
151  COSMOS 2251 DEB,-10.228114938153762,-98.33470115387782,704.7570574535744
152  COSMOS 2251 DEB,73.08619381830685,156.48542414912987,1234.4888598719122
153  COSMOS 2251 DEB,-19.208331349150406,-67.48661804204463,467.92229425905947
154  COSMOS 2251 DEB,32.41793038951403,25.152640478876442,805.5191630969977
155  COSMOS 2251 DEB,-27.34595447396825,-77.1213665123245,772.6345752252578
156  COSMOS 2251 DEB,21.22806464022652,-95.97363864071573,767.2894122954327
157  COSMOS 2251 DEB,-11.376214701937744,-73.2476362741206,674.6834414413102
158  COSMOS 2251 DEB,-62.14968214483748,136.74343045938812,970.0703566244622
159  COSMOS 2251 DEB,36.81688022063149,-14.716487487023254,697.238614687492
160  COSMOS 2251 DEB,-20.121896537970095,-14.169671285069407,636.3207765935528
161  COSMOS 2251 DEB,40.470080761513934,53.02786458412476,979.5271707776018
162  COSMOS 2251 DEB,-22.942015828063266,3.649127710494554,734.094902659928
163  COSMOS 2251 DEB,-1.5220308735607908,120.11457032688044,910.4061922568353
164  COSMOS 2251 DEB,37.46869767880766,158.8688491617017,773.4892858778584
165  COSMOS 2251 DEB,-56.97874296431563,161.76293461000174,776.9827677134305
166  COSMOS 2251 DEB,44.04151151761656,-50.15933649327289,812.1391916931381
167  COSMOS 2251 DEB,26.68205924956561,-152.81692110493802,777.3301418041735
168  COSMOS 2251 DEB,-33.69084206023958,167.69878886079778,772.5261857136712
169  COSMOS 2251 DEB,-68.52615365192607,172.53566849842807,812.8611317653206
170  COSMOS 2251 DEB,73.32288939591099,-100.11486164995794,665.489932502422
171  COSMOS 2251 DEB,-51.86665686885792,-32.54245421427951,739.0368453464341
172  COSMOS 2251 DEB,-55.45268574766674,-50.42821576441416,792.8912018616226
173  COSMOS 2251 DEB,68.50662241062537,-18.135631797472378,710.61895340043
174  COSMOS 2251 DEB,38.32334124107576,156.04231412208821,769.2012493256636
175  COSMOS 2251 DEB,-56.51381622142555,-128.8302773189601,782.5859613542642
176  COSMOS 2251 DEB,-60.470846270569346,174.67867366457472,712.0428954395378
177  COSMOS 2251 DEB,-12.1823115478703,113.61489675854818,749.7266086483527
178  COSMOS 2251 DEB,-28.487404473345546,-40.11574436198706,1050.530776861682
179  COSMOS 2251 DEB,-70.99010408812632,41.321006192789305,978.0639659021364
180  COSMOS 2251 DEB,53.29588220954205,132.42931134523684,669.9699457328562
181  COSMOS 2251 DEB,-20.943365768344343,43.83686018020414,726.219628488424
182  COSMOS 2251 DEB,-31.903848602458332,0.039642461513834146,712.6839599214051
183  COSMOS 2251 DEB,-50.1641841412963,120.35235778573922,651.6662606634561
184  COSMOS 2251 DEB,-29.02230336226864,58.94793514121424,808.3964288594369
185  COSMOS 2251 DEB,-67.76270899261995,-39.71038512598006,770.9523252025334
186  COSMOS 2251 DEB,-2.143335239910071,-168.7922034142066,694.2767105984977
187  COSMOS 2251 DEB,73.91781164648515,-9.303679053640613,674.9358063337002
188  COSMOS 2251 DEB,-70.32531011244652,-112.60272368992574,702.5205891433642
189  COSMOS 2251 DEB,-36.89548802747382,117.66593131739909,615.2894304858826
190  COSMOS 2251 DEB,-71.67472836048077,155.25973082047108,756.3360852791157
191  COSMOS 2251 DEB,-24.51532336758741,-53.841315919092615,791.8620365823884
192  COSMOS 2251 DEB,-68.98671228467644,35.331417054910794,704.0129963458222
193  COSMOS 2251 DEB,-62.4140255293562,-179.491168607274,743.9898501668183
194  COSMOS 2251 DEB,-2.5741676352793106,6.025111934231821,757.6918218177055
195  COSMOS 2251 DEB,-1.6541112166456897,-102.34112600745219,730.7310476755371
196  COSMOS 2251 DEB,10.043963169390526,-113.61739435160975,730.1375325123079
197  COSMOS 2251 DEB,-10.765318491641592,81.17719648862729,737.6034772946188
198  COSMOS 2251 DEB,-53.93558540896009,-88.1069896383218,740.7725967450248
199  COSMOS 2251 DEB,-70.59847171636498,121.66222663237728,595.9933259340658
200  COSMOS 2251 DEB,62.14419029559383,-116.15757197722088,639.5205796066413
201  COSMOS 2251 DEB,32.29491692056544,-91.42842974893772,605.7314426540911
202  COSMOS 2251 DEB,19.934204601736106,43.8266513527975,617.4514622141788
203  COSMOS 2251 DEB,-56.49730462050205,42.6217924009621,790.0498010098751
204  COSMOS 2251 DEB,-66.80025380140756,-106.76386826015451,743.4013038395417
205  COSMOS 2251 DEB,-72.8624637074923,-32.97817246955626,655.452663601091
206  COSMOS 2251 DEB,-43.082865246503935,96.37097257480077,708.9429079877239
207  COSMOS 2251 DEB,-27.432114017773074,167.76855797204385,754.3226650520916
208  COSMOS 2251 DEB,7.687043302799456,6.623299352436005,765.9593339932624
209  COSMOS 2251 DEB,-73.11508470551392,168.27496131800123,865.0292500978072
210  COSMOS 2251 DEB,11.206385120393081,-169.62437698355413,702.9938091341897
211  COSMOS 2251 DEB,61.600264637192744,-101.5929735124462,806.3111328751403
212  COSMOS 2251 DEB,48.19630095679451,-154.52316803478658,640.3037689436044
213  COSMOS 2251 DEB,63.68827685163464,60.29908194075283,749.2559730420231
214  COSMOS 2251 DEB,31.117072440092393,144.17377794714903,923.5266530639943
215  COSMOS 2251 DEB,49.48198340198897,106.64046265834172,573.9987942843668
216  COSMOS 2251 DEB,60.73980254320427,57.580706211578615,728.5807683055252
217  COSMOS 2251 DEB,53.56362089646959,172.4314233032839,1290.627717154516
218  COSMOS 2251 DEB,-51.38802959825476,17.307062942401917,738.1825752631338
219  COSMOS 2251 DEB,-55.116288414766984,91.96342774492494,762.1512703544691
220  COSMOS 2251 DEB,51.28785895682283,153.19193709994542,808.7716350819534
221  COSMOS 2251 DEB,-25.30329644847624,-37.84291997043339,804.9375104693183
222  COSMOS 2251 DEB,-71.45783352550168,-166.1745131407058,754.658142105709
223  COSMOS 2251 DEB,-51.92893906970081,-147.42318642165475,724.1020780366838
224  COSMOS 2251 DEB,50.719806497152035,-103.6667242149099,701.1253053042437
225  COSMOS 2251 DEB,73.39327966133699,-96.55915898698593,617.9129881446804
226  COSMOS 2251 DEB,-58.8331802536277,-70.66636924889372,1162.2905740538788
227  COSMOS 2251 DEB,-18.81982379099826,100.56679452387242,730.8669945061376
228  COSMOS 2251 DEB,-65.5962655839372,53.95245522616274,773.0920875102437
229  COSMOS 2251 DEB,57.8161050643821,67.65017890352577,785.8217649654229
230  COSMOS 2251 DEB,47.60718406049952,-143.44793989785188,924.8719044628255
231  COSMOS 2251 DEB,-35.50733853181019,-157.78248862911508,719.5755940088436
232  COSMOS 2251 DEB,-71.46359955784894,-66.53008086788238,745.7006857149556
233  COSMOS 2251 DEB,-73.29610461717358,41.86107852191089,759.0415795499855
234  COSMOS 2251 DEB,1.0641699673592862,-9.342332520146527,760.0920638233915
235  COSMOS 2251 DEB,66.63620116907518,-41.02157559828596,802.9057441034806
236  COSMOS 2251 DEB,73.88182370618306,101.20487931586389,674.6110864009515
237  COSMOS 2251 DEB,-65.53923775551954,-113.24828545989598,729.7077923221989
238  COSMOS 2251 DEB,-72.24929597288917,10.053276753418585,761.6461610332277
239  COSMOS 2251 DEB,1.1644366106503126,75.81474202611396,634.8206176651481
240  COSMOS 2251 DEB,46.507572671442034,-99.79700963578902,648.3332497680036
241  COSMOS 2251 DEB,-34.5254109719766,9.95274408798155,722.8156407507771
242  COSMOS 2251 DEB,-39.191106525262924,-162.97019909977473,736.3583932229095
243  COSMOS 2251 DEB,29.063023149596617,120.29571248246806,700.4437160573277
244  COSMOS 2251 DEB,68.8341699401914,-154.85988740878017,698.9765277791706
245  COSMOS 2251 DEB,-67.86165401713782,20.599139522316868,581.6479311666435
246  COSMOS 2251 DEB,-47.92383698842592,100.02460054814183,887.6250217128661
247  COSMOS 2251 DEB,-6.326125807047327,115.91600537982904,900.5415554071359
248  COSMOS 2251 DEB,-54.012665713325255,135.26553766050975,625.2176606429045
249  COSMOS 2251 DEB,73.44278890374765,148.5227856500461,822.5021171476033
250  COSMOS 2251 DEB,11.291523833525272,-28.50907234452926,681.658210688909
251  COSMOS 2251 DEB,-7.891940698479417,51.74623706390166,754.2066823195352
252  COSMOS 2251 DEB,12.779165413832093,-8.953129466451228,621.8729021863693
253  COSMOS 2251 DEB,41.35437133236133,-104.30294029933889,635.7354032440865
254  COSMOS 2251 DEB,5.3775704552710915,63.45679032650506,745.9583147760508
255  COSMOS 2251 DEB,63.79224923731143,-38.88965548505281,681.1678669861568
256  COSMOS 2251 DEB,50.99941005669323,19.599208529507955,830.5660302295756
257  COSMOS 2251 DEB,31.83368069548113,-153.96951773524057,818.9900561647852
258  COSMOS 2251 DEB,-12.5093061263847,75.15882309928502,847.7249045145128
259  COSMOS 2251 DEB,-61.784336350420816,-89.19200379372391,1013.359647056155
260  COSMOS 2251 DEB,-22.667547961837595,-141.57220802604633,797.2736149251141
261  COSMOS 2251 DEB,-30.76187926409345,-80.80821332303992,623.3637639370845
262  COSMOS 2251 DEB,17.80995473448962,9.484960841768416,722.0390202898449
263  COSMOS 2251 DEB,-5.431259995668426,-18.60193674521201,624.1907243610002
264  COSMOS 2251 DEB,-49.878625554576765,8.419901430885849,764.7603183738908
265  COSMOS 2251 DEB,-28.525700388472814,107.83610513175944,611.270216446313
266  COSMOS 2251 DEB,19.3097282050683,-79.37719569979171,699.8911340493536
267  COSMOS 2251 DEB,29.06652246126451,-68.90394861540672,708.9678078910476
268  COSMOS 2251 DEB,-42.6301250385579,-170.29882002021552,645.666317746863
269  COSMOS 2251 DEB,34.134262718732295,-38.23625602263745,704.6186246552378
270  COSMOS 2251 DEB,-47.39117382107305,177.24052948233944,764.0323651013492
271  COSMOS 2251 DEB,-73.96901365010734,66.12692584483882,724.7557091004633
272  COSMOS 2251 DEB,18.52815236086708,-120.5831045547728,611.8782997000492
273  COSMOS 2251 DEB,19.501399999108585,80.68804510654944,730.7480173404783
274  COSMOS 2251 DEB,-57.907821878702315,-154.4541667662169,1051.3889616553722
275  COSMOS 2251 DEB,-23.921029440655936,-157.61874312609703,669.5076123098202
276  COSMOS 2251 DEB,41.59867884658528,-119.20469939358097,652.649133426947
277  COSMOS 2251 DEB,70.10734762475005,130.64583935890522,817.5128668246937
278  COSMOS 2251 DEB,-57.07618894831519,-97.16598284577107,696.1050921571641
279  COSMOS 2251 DEB,50.71584899232359,-131.56635518019132,955.1684482964314
280  COSMOS 2251 DEB,59.60603641068702,141.7751589543221,748.2952071211467
281  COSMOS 2251 DEB,-72.26198878050549,-43.40569924034104,942.9383185643558
282  COSMOS 2251 DEB,-23.24073246724801,76.76472961331365,860.039735050492
283  COSMOS 2251 DEB,-59.64503162596756,29.676632897829624,714.2176424910083
284  COSMOS 2251 DEB,65.26066712794183,-150.47103126802202,781.5031328722532
285  COSMOS 2251 DEB,73.3509577903395,18.840281517970595,772.5020609440737
286  COSMOS 2251 DEB,49.977862753638526,2.6458923337083045,821.345572606005
287  COSMOS 2251 DEB,-46.10330651866213,-134.2466315186509,688.9104581215489
288  COSMOS 2251 DEB,-29.894437690574836,-28.689070374288526,1140.9704863594343
289  COSMOS 2251 DEB,-74.01626141863413,-100.13667120731108,720.888373910899
290  COSMOS 2251 DEB,-67.2928698330742,143.24315890107644,774.8091819767843
291  COSMOS 2251 DEB,43.48532042225433,-90.25856826826674,741.8591665832926
292  COSMOS 2251 DEB,53.5002121208141,177.0650376750275,775.9499230028734
293  COSMOS 2251 DEB,-72.50230604520586,2.0975801241851344,746.1749010398028
294  COSMOS 2251 DEB,29.590105765373334,-29.16401251479499,767.1442923397923
295  COSMOS 2251 DEB,22.812919682812577,-139.38992880004716,777.0835148707014
296  COSMOS 2251 DEB,-73.59487632206601,-43.07577636747091,747.5497311977622
297  COSMOS 2251 DEB,-56.949256082784295,107.36591375756862,762.282529465737
298  COSMOS 2251 DEB,-21.493335004341596,133.9216537073455,756.60659025336
299  COSMOS 2251 DEB,2.7073789106061468,-166.49945803502945,686.1916112845669
300  COSMOS 2251 DEB,36.5556170336178,161.17052860999578,771.1785813121619
301  COSMOS 2251 DEB,46.18224399832744,-175.70385217865692,779.9006835180236
302  COSMOS 2251 DEB,7.261530875185728,-169.05679772158857,797.5165100566645
303  COSMOS 2251 DEB,34.188284997539085,66.69418538513526,942.3339076639693
304  COSMOS 2251 DEB,-42.75457267174406,171.26309184821042,801.1875879711521
305  COSMOS 2251 DEB,47.807489714179816,98.84890025547817,825.6812707920386
306  COSMOS 2251 DEB,1.5720477058336648,28.16986704029044,839.2114675400607
307  COSMOS 2251 DEB,36.775617681609496,65.81308159090622,733.4506240120112
308  COSMOS 2251 DEB,-8.631205926049844,-67.45880145994738,749.1512395990409
309  COSMOS 2251 DEB,-25.57805827618769,118.6142848247628,704.4469164681278
310  COSMOS 2251 DEB,-28.751054445321287,153.81409291811215,761.7269335618656
311  COSMOS 2251 DEB,20.70194224490684,-150.46985730714823,748.5704420050946
312  COSMOS 2251 DEB,44.49211617903512,-92.14274503449468,658.4895775746058
313  COSMOS 2251 DEB,-54.63494585212243,171.5667462293961,777.4302754145607
314  COSMOS 2251 DEB,73.54039879562795,-133.65521008882274,912.1776693010862
315  COSMOS 2251 DEB,-70.13061980833122,-94.16782461985885,789.9750035011072
316  COSMOS 2251 DEB,-54.76349593274843,-33.83385053303579,975.4161375146847
317  COSMOS 2251 DEB,-32.6589304112757,14.273972970672016,1066.0764303869978
318  COSMOS 2251 DEB,-26.11897764020764,-71.37856997379562,719.7511751531327
319  COSMOS 2251 DEB,22.215287448549365,135.8756820612744,824.8247913720342
320  COSMOS 2251 DEB,-66.20734758556812,-17.072296340967704,1157.9244089720241
321  COSMOS 2251 DEB,31.67784186945623,-140.85495757128658,872.9829137383542
322  COSMOS 2251 DEB,-19.70626166591516,-155.25380908538017,588.3549186319236
323  COSMOS 2251 DEB,-23.045126412557266,-134.5474355792755,646.1402333183144
324  COSMOS 2251 DEB,48.06111995481539,-87.99379559281864,770.0251159566242
325  COSMOS 2251 DEB,-15.739629151123973,134.6257896176193,870.7063778600937
326  COSMOS 2251 DEB,51.09492235591901,126.87373586869246,517.10811308733
327  COSMOS 2251 DEB,28.406299206031356,0.9664829993882673,721.3453316009667
328  COSMOS 2251 DEB,33.62739184444151,-172.7749228530405,613.8120953176843
329  COSMOS 2251 DEB,-55.10512179503642,-2.926996312250855,773.1700212545436
330  COSMOS 2251 DEB,24.03692200796793,81.16423757512075,765.5023843377962
331  COSMOS 2251 DEB,-67.32080173421674,-50.97550017091003,737.0425153649053
332  COSMOS 2251 DEB,-37.46033496931076,18.200896931437796,724.6892506514415
333  COSMOS 2251 DEB,13.059651173763706,74.45584614614965,744.4011948039021
334  COSMOS 2251 DEB,45.878219399450025,-127.31316360792164,781.1266270313112
335  COSMOS 2251 DEB,61.42088162923336,-135.09561971225898,1041.6845012926672
336  COSMOS 2251 DEB,60.21811897867429,-84.31216707858441,761.6909162263629
337  COSMOS 2251 DEB,68.78760737007626,-10.56475748888363,808.3533480928894
338  COSMOS 2251 DEB,-73.90646449350382,162.3504506039836,641.5999544528537
339  COSMOS 2251 DEB,-42.171638322751,45.93105219470565,750.1129317318381
340  COSMOS 2251 DEB,-14.663251229517929,78.90728843169836,810.6067106943012
341  COSMOS 2251 DEB,66.96096510342295,-12.290099885171227,677.8569610504381
342  COSMOS 2251 DEB,-66.34242786511696,-28.165486734514595,760.8717015519422
343  COSMOS 2251 DEB,-24.766096438565047,-29.148294256731873,729.423552922592
344  COSMOS 2251 DEB,48.22909118339195,87.7002552231097,760.2653270773109
345  COSMOS 2251 DEB,-23.69526206638866,-85.8277398083456,728.8674472904559
346  COSMOS 2251 DEB,-24.21704124914618,-49.62375869749027,747.7514026414464
347  COSMOS 2251 DEB,-12.920418128107507,157.30752029310375,536.7520966480027
348  COSMOS 2251 DEB,-15.251978850758375,114.18871617050998,1179.9927109170974
349  COSMOS 2251 DEB,3.976551459274299,-115.23558859575928,1081.6970943612205
350  COSMOS 2251 DEB,47.351963117779036,174.50063602730546,754.141615578129
351  COSMOS 2251 DEB,73.52266088727251,6.828042319674524,479.61845919566497
352  COSMOS 2251 DEB,-0.8901658865783518,-108.03124908477443,718.1350381994396
353  COSMOS 2251 DEB,7.8382212305523975,126.57402576690566,649.0929546912483
354  COSMOS 2251 DEB,66.013133925834,28.533786390862833,740.5751005325069
355  COSMOS 2251 DEB,58.115345935415014,-42.58240872457919,697.9833877704687
356  COSMOS 2251 DEB,-72.8264512323347,-78.16934464060455,743.9957928203575
357  COSMOS 2251 DEB,-16.046483905986882,49.80423674882044,753.7651938142067
358  COSMOS 2251 DEB,-59.8585143995358,65.55265620357184,655.1521186751012
359  COSMOS 2251 DEB,41.348032048162594,-90.97239432212753,729.7325062083883
360  COSMOS 2251 DEB,-54.11796017405258,-142.16758195352966,707.5418020030943
361  COSMOS 2251 DEB,-41.628081296923696,83.51180017718193,744.9813625918512
362  COSMOS 2251 DEB,31.821416110965387,127.92276856965606,667.2684877393649
363  COSMOS 2251 DEB,-48.32086661286172,-77.86475033515723,579.5155686844713
364  COSMOS 2251 DEB,55.56620404166822,-136.71370419885386,651.5027668480142
365  COSMOS 2251 DEB,32.57109670779063,49.08870210350816,571.1139473217892
366  COSMOS 2251 DEB,49.75266294955728,90.00069092508177,677.2010497816614
367  COSMOS 2251 DEB,71.3686995023659,-1.3322853379840562,578.6764667172905
368  COSMOS 2251 DEB,61.31040059745018,-41.98724244615591,748.5396086588984
369  COSMOS 2251 DEB,-26.10918761290768,128.64551459744985,757.6088558401757
370  COSMOS 2251 DEB,-58.4948673846709,96.67823630423044,621.9272656488778
371  COSMOS 2251 DEB,-44.07545404694016,-6.23382584131926,777.0283494192944
372  COSMOS 2251 DEB,-70.45100648125383,153.64842313849257,1239.9928709816718
373  COSMOS 2251 DEB,54.47699325118555,-129.44690531610334,1289.2864484493675
374  COSMOS 2251 DEB,-73.63423195857963,144.12844034748224,985.9968386688638
375  COSMOS 2251 DEB,-12.312270652973325,121.76969433429453,665.9964343742121
376  COSMOS 2251 DEB,8.201153640791212,130.94228289737296,914.529940437981
377  COSMOS 2251 DEB,30.55481612736444,80.33965058686259,824.781539037305
378  COSMOS 2251 DEB,-26.015912852472013,63.84117629340584,726.7458467052809
379  COSMOS 2251 DEB,66.209915740391,14.401056067114586,737.1763346842175
380  COSMOS 2251 DEB,66.4131482782083,21.768596962536215,664.9763483706394
381  COSMOS 2251 DEB,30.776172966327316,-127.2579968336347,506.76112719910606
382  COSMOS 2251 DEB,-24.89948971291466,95.00106909097782,722.8043158411865
383  COSMOS 2251 DEB,-58.966732693939925,60.83450010271382,895.1280605660002
384  COSMOS 2251 DEB,23.1759294040285,30.332243512125164,639.9892962165865
385  COSMOS 2251 DEB,-27.288748945878204,-32.36923058586833,754.2131780117774
386  COSMOS 2251 DEB,73.67617870451139,-107.22054868995487,795.1543474554528
387  COSMOS 2251 DEB,51.9539746258308,-173.92068715206122,810.7057315862371
388  COSMOS 2251 DEB,74.06105954674065,94.92168638350721,762.6578511940864
389  COSMOS 2251 DEB,50.76026522996308,45.82078027014263,920.3146253569361
390  COSMOS 2251 DEB,-64.43079419965208,102.66815493123258,859.0122626478224
391  COSMOS 2251 DEB,-3.4689186297713257,116.88172693672131,736.2786410984164
392  COSMOS 2251 DEB,-64.29562660393977,61.6436881624226,1347.3194961420058
393  COSMOS 2251 DEB,-23.17185855176583,37.10415097200393,792.8842229228039
394  COSMOS 2251 DEB,-30.201050780159456,119.65063676881968,757.7358545616627
395  COSMOS 2251 DEB,48.76144643334206,127.36080960613346,613.1334289553015
396  COSMOS 2251 DEB,-24.33321751687142,70.84367617236933,841.1059762652712
397  COSMOS 2251 DEB,62.33739955695668,-112.00711346116614,779.7004998356662
398  COSMOS 2251 DEB,-12.930674821394186,24.23918333475218,779.356777560797
399  COSMOS 2251 DEB,-31.162647306946585,85.5658538967904,680.5251073345577
400  COSMOS 2251 DEB,8.899406010452436,98.49042162513892,686.790527221059
401  COSMOS 2251 DEB,-29.636956254228533,10.108296192458685,786.4014906218432
402  COSMOS 2251 DEB,-48.851236777946305,2.0854058729442957,610.7673688687984
403  COSMOS 2251 DEB,72.0680891599407,-20.968943336964873,693.5995563632329
404  COSMOS 2251 DEB,27.239234246972625,11.393380930944929,723.6610950353496
405  COSMOS 2251 DEB,53.08185430134183,-111.42892114055444,778.812016546012
406  COSMOS 2251 DEB,38.0510387077815,-144.53053874385728,720.816379912381
407  COSMOS 2251 DEB,51.455589849059436,-1.148853228916071,679.0378963810111
408  COSMOS 2251 DEB,49.76361972503286,-99.32414892767105,730.6909846645443
409  COSMOS 2251 DEB,-56.23185827667645,-67.98501518273457,653.6903918689173
410  COSMOS 2251 DEB,71.04457023127003,22.863991785798483,792.7765003926137
411  COSMOS 2251 DEB,49.307059404043095,133.4560621840615,768.4543251402173
412  COSMOS 2251 DEB,2.3254168711669947,-130.12676367447946,567.5387910874001
413  COSMOS 2251 DEB,-13.423524699720021,118.90939009798623,824.1368283005943
414  COSMOS 2251 DEB,-59.87353923268401,113.16432084942062,1531.5151669375732
415  COSMOS 2251 DEB,-15.980977452297662,-116.65059585166853,692.8061956161937
416  COSMOS 2251 DEB,-41.81702358985492,108.29620252148536,767.7470718524311
417  COSMOS 2251 DEB,-20.264329690891575,83.85412105078197,749.3417036314295
418  COSMOS 2251 DEB,-36.288812098170546,129.77203209988602,763.4048108195356
419  COSMOS 2251 DEB,-69.60304424302046,-110.92357672124025,598.9636651960822
420  COSMOS 2251 DEB,29.84632755903266,-76.58824090253967,728.0634564037338
421  COSMOS 2251 DEB,-42.82183586358117,-90.71171483178296,773.795709690618
422  COSMOS 2251 DEB,72.43919881134137,-89.4443872122281,736.5620832797753
423  COSMOS 2251 DEB,37.427462392846074,143.27360556906697,1371.9181953496613
424  COSMOS 2251 DEB,69.72774127590574,-49.294072736091046,656.0623441058602
425  COSMOS 2251 DEB,-67.16877803362242,156.77673338805147,684.5642750616427
426  COSMOS 2251 DEB,-34.80525470810926,-178.4347724613827,775.5572843052953
427  COSMOS 2251 DEB,-63.88241450744272,99.97068740181717,638.2692129129506
428  COSMOS 2251 DEB,-29.576954244733344,-142.02047938922786,670.8428509256266
429  COSMOS 2251 DEB,60.087795190405586,55.66221148791186,816.6482876013994
430  COSMOS 2251 DEB,72.66585889208716,-159.14015633108943,734.9113484029715
431  COSMOS 2251 DEB,49.542294554773385,25.895393940924883,607.2145716300768
432  COSMOS 2251 DEB,-60.53184646280125,46.43218885027543,765.6808966993284
433  COSMOS 2251 DEB,-63.264881016894336,-63.097855263908926,792.3568403295767
434  COSMOS 2251 DEB,-47.90826307755248,-27.869521714037514,776.5534256615107
435  COSMOS 2251 DEB,16.810866318778388,118.5396435154766,751.8275583219491
436  COSMOS 2251 DEB,-25.27776857435856,167.48816878330965,630.1904785418537
437  COSMOS 2251 DEB,-32.12900079408768,-172.20299714343966,647.6729231500138
438  COSMOS 2251 DEB,-5.76600228949652,34.444509398164975,733.7051077372718
439  COSMOS 2251 DEB,-72.81225373509226,11.175059092345874,743.1115055415378
440  COSMOS 2251 DEB,25.984499787092542,39.75250435312824,702.5143444984496
441  COSMOS 2251 DEB,22.7738701198394,-123.09765269937019,506.6204805315517
442  COSMOS 2251 DEB,65.12905143619219,178.4946347872898,782.986926222263
443  COSMOS 2251 DEB,-17.202334884596322,142.7128212368253,753.1750888154943
444  COSMOS 2251 DEB,22.470821082073012,96.05407733214393,951.8297125257925
445  COSMOS 2251 DEB,-50.036806539283155,67.63775410604065,753.065241929466
446  COSMOS 2251 DEB,63.1063466509512,-41.237621115523154,565.8878102388414
447  COSMOS 2251 DEB,71.41711236629159,-46.807630157282816,797.5586248474286
448  COSMOS 2251 DEB,-28.12957274307973,91.38333738803419,768.0027744039434
449  COSMOS 2251 DEB,67.36814134521644,-40.086983262233986,753.6838392538444
450  COSMOS 2251 DEB,53.54073901594525,-91.79739947778472,474.5263512990808
451  COSMOS 2251 DEB,21.574788354216263,105.86193284151196,670.5734053784383
452  COSMOS 2251 DEB,-68.21532164960934,-67.76169109832114,723.7492806673753
453  COSMOS 2251 DEB,-51.17644193464132,-38.11131132523476,763.8858017883913
454  COSMOS 2251 DEB,49.446994444218575,-103.15798453454018,718.5613308071105
455  COSMOS 2251 DEB,56.46258718055426,-72.52453594930063,668.6560781301639
456  COSMOS 2251 DEB,22.931750775961323,-37.93902882395539,679.4730795959864
457  COSMOS 2251 DEB,23.02778711771648,-9.955324133618028,720.5874254992092
458  COSMOS 2251 DEB,12.841232146846068,-175.16907266885437,771.4415417225847
459  COSMOS 2251 DEB,39.748943087704426,135.30691034971588,684.6264672997845
460  COSMOS 2251 DEB,69.19960029365141,34.71868448991421,642.119527644261
461  COSMOS 2251 DEB,-73.80348565150149,160.13235412082003,732.9323171897349
462  COSMOS 2251 DEB,50.410264435970944,50.28725097493898,765.8694539948209
463  COSMOS 2251 DEB,-44.400352282975994,102.81068652171996,757.0961079123185
464  COSMOS 2251 DEB,49.92990918973842,-23.004532258046826,657.2184836309318
465  COSMOS 2251 DEB,69.68956042587341,-161.29468227706553,799.0023561100998
466  COSMOS 2251 DEB,58.01997526984687,-143.46661078119192,745.4829706340915
467  COSMOS 2251 DEB,-28.40501529179338,174.4006528616147,767.9342323085766
468  COSMOS 2251 DEB,-68.78006521036129,80.21679635934335,886.4400522008112
469  COSMOS 2251 DEB,33.081284073236326,92.40846486973473,977.650472894488
470  COSMOS 2251 DEB,48.57897677046916,-4.466936671697907,659.0553998164995
471  COSMOS 2251 DEB,60.69529368572533,16.83925327724452,701.4562045270809
472  COSMOS 2251 DEB,73.09352094897439,81.34421908621889,742.7959818368573
473  COSMOS 2251 DEB,66.72669582577075,-30.576279756793188,666.1399556505777
474  COSMOS 2251 DEB,-73.73477811148197,60.38271767947523,766.4578302452735
475  COSMOS 2251 DEB,-74.04165627297311,-132.2097343899485,802.7266618416996
476  COSMOS 2251 DEB,-7.23877256039415,99.38696000136481,720.7184842713384
477  COSMOS 2251 DEB,35.84905888854123,-168.20262888753206,777.6880952111634
478  COSMOS 2251 DEB,39.26642360355828,-175.46929974582653,710.1061581941635
479  COSMOS 2251 DEB,-64.32614485251216,98.83220211011998,768.2431507807971
480  COSMOS 2251 DEB,-72.85101757502045,159.7317275063874,745.5782724731332
481  COSMOS 2251 DEB,38.59986109633514,-124.72543642804567,944.7645469464578
482  COSMOS 2251 DEB,-44.92537601776377,-98.3766329107611,657.9194147694304
483  COSMOS 2251 DEB,62.55728601993981,86.6888841734117,627.3704052737243
484  COSMOS 2251 DEB,-12.08137504166428,-165.34641694175554,676.3778609283471
485  COSMOS 2251 DEB,58.627990469700435,-120.13574556125239,910.0390300815326
486  COSMOS 2251 DEB,-2.992772716008219,-148.2594894640635,501.2633862793236
487  COSMOS 2251 DEB,-68.19833695167617,-149.90441996450258,690.7285971861498
488  COSMOS 2251 DEB,49.675915495977755,-25.460104233543067,789.4978079654808
489  COSMOS 2251 DEB,-40.626703567426006,162.44739055153988,730.4153781065206
490  COSMOS 2251 DEB,17.079444056365634,79.14788172681726,945.3225618168003
491  COSMOS 2251 DEB,34.69043672787072,152.1249121468452,769.5619391616665
492  COSMOS 2251 DEB,32.56601142835509,16.85181273616247,665.8713898615233
493  COSMOS 2251 DEB,-17.766862637520298,119.8899385422104,647.3511291269905
494  COSMOS 2251 DEB,36.05336516339624,-6.270497799640399,708.2995488876907
495  COSMOS 2251 DEB,-48.97860828645862,132.5252447151692,765.9182384760713
496  COSMOS 2251 DEB,16.601492700531075,-152.24904477381605,694.227633196216
497  COSMOS 2251 DEB,-43.00877627849251,-11.108192518848515,731.711228997996
498  COSMOS 2251 DEB,-39.94280939521048,-30.151370098169327,693.166786602844
499  COSMOS 2251 DEB,-65.10854718165243,-11.709749054986888,640.9752313261457
500  COSMOS 2251 DEB,11.868836069887857,137.73468102107145,766.3100261778853
501  COSMOS 2251 DEB,-23.163974224536993,176.0963940739126,715.5761268793701
502  COSMOS 2251 DEB,25.77788998917469,104.40447735029029,741.645579930349
503  COSMOS 2251 DEB,-52.14107885607278,-73.58116855157209,549.1680039760835
504  COSMOS 2251 DEB,-48.260460184747394,22.154026762584532,784.005454986716
505  COSMOS 2251 DEB,7.864976881222663,40.09018803548306,727.1710655427395
506  COSMOS 2251 DEB,20.31632438212824,-162.85837396795475,773.5571096747907
507  COSMOS 2251 DEB,-58.13877511402362,1.8587026856422932,727.7722055925565
508  COSMOS 2251 DEB,6.098468524375541,-98.76511199917451,728.6736443391846
509  COSMOS 2251 DEB,-72.56531838345344,106.21797063185049,586.6757684766465
510  COSMOS 2251 DEB,-71.03084548145567,-163.38326715750821,584.5967196588359
511  COSMOS 2251 DEB,-55.69415093614795,22.17233711743132,472.2846394214484
512  COSMOS 2251 DEB,-73.95679445056368,79.78584459283445,640.4170564939451
513  COSMOS 2251 DEB,0.11977025706699064,-101.51137877537806,724.8692382073828
514  COSMOS 2251 DEB,-28.703194354442076,70.53134219566783,804.0064929342918
515  COSMOS 2251 DEB,31.689992432911865,76.14472986683701,868.6541919328298
516  COSMOS 2251 DEB,64.31462219102254,-98.93339865020508,759.3727872453428
517  COSMOS 2251 DEB,-13.22113401235417,21.253231992730736,1148.4447384280202
518  COSMOS 2251 DEB,-50.47657713412803,89.42571667215618,773.793461940376
519  COSMOS 2251 DEB,-74.12769881166248,153.73740721104375,759.1192434536238
520  COSMOS 2251 DEB,62.60194480796981,-94.20137907001518,745.3997031944162
521  COSMOS 2251 DEB,-67.74754100183956,-168.5680535971169,891.9911984615857
522  COSMOS 2251 DEB,35.867970462151625,-93.70344119652232,643.9940951362997
523  COSMOS 2251 DEB,-18.826379446170236,138.8744487000452,720.1414909155549
524  COSMOS 2251 DEB,11.358875537477552,80.10074730940694,763.0191289548994
525  COSMOS 2251 DEB,-36.272327266779584,-54.870921717347336,653.5376913830122
526  COSMOS 2251 DEB,-37.667732590229136,119.28379080705108,856.5943923249262
527  COSMOS 2251 DEB,-40.10966610964476,-140.9024588033565,725.8624518848649
528  COSMOS 2251 DEB,-59.747013065381296,-30.247572277030326,772.2387796025042
529  COSMOS 2251 DEB,-14.218983505842763,-46.46597956699488,795.5835456143406
530  COSMOS 2251 DEB,11.307130700243787,-64.2597208466646,603.2104469153279
531  COSMOS 2251 DEB,-47.004454630620614,167.61774839140898,685.5581016609642
532  COSMOS 2251 DEB,-12.762238944903718,115.92206638739084,918.9389683481162
533  COSMOS 2251 DEB,65.20892282046745,-102.80641639591539,659.2270501130548
534  COSMOS 2251 DEB,51.68505230343891,163.1910589282783,778.7036536258371
535  COSMOS 2251 DEB,-2.757710494687516,-74.62948823357581,394.9366354615627
536  COSMOS 2251 DEB,49.38624933810147,162.90642996315438,708.1452894928874
537  COSMOS 2251 DEB,64.13033970862719,127.17208758244446,714.9441120156895
538  COSMOS 2251 DEB,14.827901082223272,161.18783068032505,765.4420315346522
539  COSMOS 2251 DEB,-54.36790876250362,56.01881893318969,778.7817804982928
540  COSMOS 2251 DEB,-54.062102559472876,69.70658508440602,884.6342690147981
541  COSMOS 2251 DEB,-41.05465709059887,-15.204452555873448,1178.1601828987023
542  COSMOS 2251 DEB,21.961211437215432,-17.59958621765611,729.7841942719066
543  COSMOS 2251 DEB,-25.223225030635,178.94857902078468,790.82246965535
544  COSMOS 2251 DEB,67.68552300574042,-101.03469948337688,787.2573857886064
545  COSMOS 2251 DEB,-61.78042865768822,95.96496066371552,652.3570121878519
546  COSMOS 2251 DEB,40.01498116799401,37.23134632337616,452.5758667327983
547  COSMOS 2251 DEB,19.603817341706648,-6.660591991927134,710.0443559008555
548  COSMOS 2251 DEB,-54.24671104789229,-138.87578590675335,629.1123449841755
549  COSMOS 2251 DEB,-43.78763645347223,111.58945953103809,916.491146636461
550  COSMOS 2251 DEB,4.771834499965239,25.870884873632246,704.7310798548674
551  COSMOS 2251 DEB,60.27856346526866,113.75179909676531,517.707143647469
552  COSMOS 2251 DEB,-48.385863279190445,102.00914107634554,731.7328606014509
553  COSMOS 2251 DEB,-71.94923717989415,37.02935905016126,527.4803770139528
554  COSMOS 2251 DEB,-68.8746883429792,-174.65092007096266,740.5752961191557
555  COSMOS 2251 DEB,62.255434529395956,93.6568974483291,745.9283184023571
556  COSMOS 2251 DEB,40.85980025702378,74.49587571361606,1345.9031842397583
557  COSMOS 2251 DEB,14.274746996429824,-65.87712089768473,506.6329070105699
558  COSMOS 2251 DEB,21.079495480843068,-14.458077854146785,767.5114682305136
559  COSMOS 2251 DEB,-59.704544088609374,164.74632318612376,592.1431952924806
560  COSMOS 2251 DEB,27.395284298351665,162.90195135057095,693.5838734463493
561  COSMOS 2251 DEB,16.21748011499838,102.29593194533949,684.199092186164
562  COSMOS 2251 DEB,-48.366756578440935,120.84281148162,555.3494366579048
563  COSMOS 2251 DEB,40.98028669925878,15.004004810208075,834.9503129010956
564  COSMOS 2251 DEB,13.426172732111322,119.29786281947855,1453.8176356362198
565  COSMOS 2251 DEB,-22.83716353610024,50.06594303559341,815.3559894623346
566  COSMOS 2251 DEB,51.62527945600537,-149.3585536261755,712.0211450193
567  COSMOS 2251 DEB,25.02056221770506,-110.24607633850626,671.6382439583058
568  COSMOS 2251 DEB,6.910793474030544,-138.0083367071262,699.2376588495132
569  COSMOS 2251 DEB,-64.23117198525242,-48.874843277490164,758.395980239909
570  COSMOS 2251 DEB,62.91895558413764,-153.7759078307609,718.2814165933257
571  COSMOS 2251 DEB,-58.15584717444245,-34.930064865690944,757.0661641478329
572  COSMOS 2251 DEB,58.414472845502516,-89.24566470117654,757.5324295322636
573  COSMOS 2251 DEB,-36.58619510705401,-123.42951223903965,698.0203732032699
574  COSMOS 2251 DEB,13.707676095389303,116.04445033967636,1233.978825237548
575  COSMOS 2251 DEB,-49.72433096183795,15.208765096966127,711.1583269549108
576  COSMOS 2251 DEB,-57.781561876156886,20.191083475907693,745.0563808037645
577  COSMOS 2251 DEB,32.62210482518317,109.59540337522068,699.2026761364868
578  COSMOS 2251 DEB,-24.824870439992967,-32.396322710195605,577.546921600885
579  COSMOS 2251 DEB,-66.66877013216228,119.33071096439971,801.7449572172635
580  COSMOS 2251 DEB,-23.171311826272287,31.78110043597696,748.9652840618425
581  COSMOS 2251 DEB,11.246950844094142,100.52313753838605,677.7611827456949
582  COSMOS 2251 DEB,-25.964258852015384,122.05680232355824,633.8566410457687
583  COSMOS 2251 DEB,54.46106567656696,167.561273268573,649.5310448958488
584  COSMOS 2251 DEB,15.662667228937945,-34.610463832849426,1148.2026985480948
585  COSMOS 2251 DEB,-2.7916203355646534,157.08801342764363,695.621265839287
586  COSMOS 2251 DEB,70.77208201535028,-89.42401414297613,748.362186203548
587  COSMOS 2251 DEB,-26.186082566637527,-114.69778130825055,761.1224426975414
588  COSMOS 2251 DEB,71.35981362222492,103.05879653780343,885.7970627516355
589  COSMOS 2251 DEB,16.65665249305238,27.465916133421782,791.1397241118707
590  COSMOS 2251 DEB,14.541366846554135,64.0087387783379,743.0863494948245
591  COSMOS 2251 DEB,-51.67779801967103,-161.2049458519365,500.3509410202407
592  COSMOS 2251 DEB,-51.92683736803403,-159.23129383506483,772.7632538515687
593  COSMOS 2251 DEB,-62.822629133041524,52.00314040461599,829.5013923199056
594  COSMOS 2251 DEB,67.30313713308963,167.76042870910078,767.3255066605384
595  COSMOS 2251 DEB,-6.608300917841943,174.17866135262025,682.5458970539445
596  COSMOS 2251 DEB,-55.943155171844246,34.911611456506435,889.4919814247316
597  COSMOS 2251 DEB,45.30302665739906,-155.59436533047443,590.3951966099705
598  COSMOS 2251 DEB,-74.01034750785138,-134.77505505423693,772.8096473168034
599  COSMOS 2251 DEB,8.61708120315665,-108.66919357543894,651.3841665256522
600  COSMOS 2251 DEB,-23.636141368955663,-78.927712052586,715.3941801629675
601  COSMOS 2251 DEB,74.0392757837059,-112.17060960218025,418.87681578422206
602  COSMOS 2251 DEB,-32.22867902861171,-123.09030745735959,702.010314735435
603  COSMOS 2251 DEB,31.011302294023988,-38.30773629373882,576.3195487490073
604  COSMOS 2251 DEB,-7.36146435540765,-160.76354087742865,671.0568604313769
605  COSMOS 2251 DEB,72.86534184086462,81.35961956848438,733.2400475638515
606  COSMOS 2251 DEB,-60.2205382526281,-17.472582817248245,757.6709832893124
607  COSMOS 2251 DEB,-58.44993264432237,-147.89394368620617,750.1008857120496
608  COSMOS 2251 DEB,-6.559649094800249,144.63889730778834,780.0880059150019
609  COSMOS 2251 DEB,46.45373265776002,29.78130976581723,805.3354779047361
610  COSMOS 2251 DEB,-30.182031204849835,52.35385697528476,724.3736248381782
611  COSMOS 2251 DEB,-73.53360862343449,-84.10884016875973,755.0443243436277
612  COSMOS 2251 DEB,-13.09920248208379,74.00538609453453,692.8763380334566
613  COSMOS 2251 DEB,1.2494822978219924,1.8251395534846584,570.7202037821731
614  COSMOS 2251 DEB,-52.343959438678596,71.72591900450803,1328.1661772950458
615  COSMOS 2251 DEB,-10.729750383128188,-14.2448420826995,579.5447457095315
616  COSMOS 2251 DEB,17.901306691107937,-127.3832847150363,726.6960896168364
617  COSMOS 2251 DEB,7.042727284587734,118.36926960223145,766.5427074600084
618  COSMOS 2251 DEB,-68.03126831112775,-85.04136918517017,734.3051773820135
619  COSMOS 2251 DEB,32.55525543369209,-165.0297191548748,777.5058137757218
620  COSMOS 2251 DEB,19.46111336769905,-9.422960838994447,705.0838239482712
621  COSMOS 2251 DEB,-71.50831331945777,75.0789030421977,786.6925729449864
622  COSMOS 2251 DEB,62.577680375494516,-131.1255941202684,780.6080305213973
623  COSMOS 2251 DEB,-73.25462934051039,8.832565222570153,755.7847415690261
624  COSMOS 2251 DEB,-22.186290103317134,-6.36995353695552,665.1217782813507
625  COSMOS 2251 DEB,25.03865192675685,162.14548607450647,764.4695782134361
626  COSMOS 2251 DEB,-68.93997028056557,79.18761967872608,1153.341772125965
627  COSMOS 2251 DEB,-70.03438248827732,55.618165943750924,925.5097435502355
628  COSMOS 2251 DEB,13.115021856598059,112.95919472794358,752.998217323453
629  COSMOS 2251 DEB,-16.66486203220181,-51.663859962350514,960.5436335879117
630  COSMOS 2251 DEB,25.07886485290411,143.9832197957444,760.1840038139973
631  COSMOS 2251 DEB,54.76637744415323,-72.99313159449724,923.2733565852009
632  COSMOS 2251 DEB,-5.400480598463252,112.53688573746132,1056.941419146368
633  COSMOS 2251 DEB,-51.05140895254915,143.56210835646354,748.630696756494
634  COSMOS 2251 DEB,-3.7304683584729275,175.76501335121364,780.0197547620373
635  COSMOS 2251 DEB,8.60520922414048,-139.5240311581946,718.0042401325352
636  COSMOS 2251 DEB,-9.683519283152215,47.994263742338134,768.2037353890083
637  COSMOS 2251 DEB,61.896901040605,175.22912198549193,528.2952603382045
638  COSMOS 2251 DEB,59.408587153469526,-154.7882851661247,761.0015187672576
639  COSMOS 2251 DEB,65.85494406824866,-122.58626314442,802.5574881942795
640  COSMOS 2251 DEB,18.593147584093252,48.786772488592,805.7504938844503
641  COSMOS 2251 DEB,41.08091462346234,-18.044177778526404,955.1467935677279
642  COSMOS 2251 DEB,72.93694198729085,-81.89275115401264,802.9131974818732
643  COSMOS 2251 DEB,-9.197233541349044,-128.6942233778732,743.0778051099247
644  COSMOS 2251 DEB,72.60630838554025,109.7920564985487,719.448487771006
645  COSMOS 2251 DEB,-21.305508283887573,34.78764863502274,811.4226595957585
646  COSMOS 2251 DEB,51.8187581410794,106.146366388376,543.7463536848651
647  COSMOS 2251 DEB,-23.150057406872165,-76.09936145537965,695.9680456127873
648  COSMOS 2251 DEB,-47.54832825102829,67.22055392401074,1016.9890488924458
649  COSMOS 2251 DEB,-71.28228432253975,-93.16323813239163,496.16114345715204
650  COSMOS 2251 DEB,19.75554394175836,73.6610102263429,713.8899550276044
651  COSMOS 2251 DEB,-43.98518240120417,-49.8353376406311,731.2045433429053
652  COSMOS 2251 DEB,-73.43108547485494,-29.296255279595776,752.6498667409422
653  COSMOS 2251 DEB,10.049434278946716,-90.7088249213194,766.974208973377
654  COSMOS 2251 DEB,48.04630055239919,74.3952783585299,656.4334826249333
655  COSMOS 2251 DEB,50.41795289221479,-30.65201476199798,694.696875698013
656  COSMOS 2251 DEB,-71.74401940105304,-58.98151725592001,731.6315978060887
657  COSMOS 2251 DEB,73.75434942242678,-156.9457117576906,612.5681154174275
658  COSMOS 2251 DEB,72.67671191582865,76.30526342320293,800.6600767317169
659  COSMOS 2251 DEB,-16.827422913789366,-147.62261760837472,773.3120000252798
660  COSMOS 2251 DEB,40.768105222767026,86.58553197962908,570.9300277377844
661  COSMOS 2251 DEB,-56.69620894556647,-176.0838336752343,774.8208785547374
662  COSMOS 2251 DEB,-4.2622387190030535,-6.726082733483102,730.4995531770779
663  COSMOS 2251 DEB,44.08291017552878,114.52665781910136,555.450724085455
664  COSMOS 2251 DEB,-16.242082436596938,-14.276335552345367,813.5313000236426
665  COSMOS 2251 DEB,36.51450809633935,0.56449884138848,655.9086677560924
666  COSMOS 2251 DEB,54.41282636766434,-39.272973922456146,676.1450274260001
667  COSMOS 2251 DEB,-55.05746149487601,-3.762791964141528,740.84595534421
668  COSMOS 2251 DEB,-73.95348484976205,85.34236488192387,775.5790292725362
669  COSMOS 2251 DEB,60.7566104524834,-109.24157183970581,791.4316562634227
670  COSMOS 2251 DEB,13.162712065343127,100.60939304223844,691.7327400069015
671  COSMOS 2251 DEB,-38.65399146657732,-54.93635191616583,718.8999096941853
672  COSMOS 2251 DEB,-17.576506948204106,178.66308329552743,723.3121378136588
673  COSMOS 2251 DEB,-73.21422229513367,29.506298840320703,629.4888014324656
674  COSMOS 2251 DEB,45.38051508658731,175.98496122156445,638.3314773544233
675  COSMOS 2251 DEB,47.709805552712616,-46.758777448595396,675.7707749970815
676  COSMOS 2251 DEB,-72.68133502780272,-174.7148177459887,824.3759451223889
677  COSMOS 2251 DEB,29.92634364559927,9.324228886269863,795.895097938729
678  COSMOS 2251 DEB,71.53883570022529,58.7477725851438,500.3673177000959
679  COSMOS 2251 DEB,23.77967478464796,-3.7874911077673916,748.631617950781
680  COSMOS 2251 DEB,29.26625366315906,-62.256037083919594,549.3571666125089
681  COSMOS 2251 DEB,22.076136946118005,-42.77482173545731,758.1849367356842
682  COSMOS 2251 DEB,-50.806464227897834,-43.63020409242143,705.9253474494108
683  COSMOS 2251 DEB,-15.960205052402035,115.23342645492147,626.1907310238357
684  COSMOS 2251 DEB,10.949863925644681,76.70448529340852,443.0498600486755
685  COSMOS 2251 DEB,35.70224745555551,68.74737983741953,793.9964230615999
686  COSMOS 2251 DEB,-22.55388860972632,54.73073217791616,1021.3802785181626
687  COSMOS 2251 DEB,49.00114833305815,-153.9780331896968,523.5765861560124
688  COSMOS 2251 DEB,-11.351791282695183,79.35442879107983,719.3478165054432
689  COSMOS 2251 DEB,27.00170068218885,112.8350228940114,673.3720392051897
690  COSMOS 2251 DEB,63.978289930759665,174.04342932721332,717.5622338571612
691  COSMOS 2251 DEB,27.981665612769298,-139.05072159032798,779.6912602836367
692  COSMOS 2251 DEB,-30.521575795756757,96.7578564194314,757.5466504531174
693  COSMOS 2251 DEB,40.654007235473145,155.7003363175714,549.1194132160362
694  COSMOS 2251 DEB,68.11235903938298,112.12325256849559,735.400186710579
695  COSMOS 2251 DEB,-44.33309075453785,-29.496164413240354,817.0965954179832
696  COSMOS 2251 DEB,-49.17040304015869,29.852103836742586,1032.5892123845954
697  COSMOS 2251 DEB,64.03916078355003,43.77702339615278,639.6280148076569
698  COSMOS 2251 DEB,-61.86534680887547,-4.2870104192595955,761.7820335124107
699  COSMOS 2251 DEB,38.31553470195241,-155.6409692405561,766.1848794025402
700  COSMOS 2251 DEB,64.10451654857195,-156.96906123734334,787.2240052867521
701  COSMOS 2251 DEB,18.998122370248613,-95.6659148724277,765.2133363344566
702  COSMOS 2251 DEB,-54.00391667623072,-90.78336805065274,734.537218268094
703  COSMOS 2251 DEB,-17.502388882486255,-7.200274812084665,697.1901436201532
704  COSMOS 2251 DEB,2.2444229812415877,-172.18901645472326,608.1941994882266
705  COSMOS 2251 DEB,72.26710661351864,156.32191403596707,737.9912523062173
706  COSMOS 2251 DEB,-65.79976279003904,87.62937092383699,801.5124963093863
707  COSMOS 2251 DEB,-50.12563485402368,104.61456637120783,830.7721916885645
708  COSMOS 2251 DEB,-18.125889657025276,178.30784499845436,636.0829739111346
709  COSMOS 2251 DEB,-43.661614959587325,-176.7448454045907,593.1103706017202
710  COSMOS 2251 DEB,-15.243864009286385,94.99191918021052,566.9352581110682
711  COSMOS 2251 DEB,-38.349399882082096,-37.62506504442869,776.831187147617
712  COSMOS 2251 DEB,-74.09540461024673,178.32444853425977,953.4752960783746
713  COSMOS 2251 DEB,-73.87519645784637,-172.5676812602711,815.3177489767539
714  COSMOS 2251 DEB,-45.07378728890204,-81.0434343567738,733.898969135338
715  COSMOS 2251 DEB,28.368292978946652,-33.81771430798869,748.2786306078698
716  COSMOS 2251 DEB,-0.5085001264234695,168.61390945739868,756.0535272872478
717  COSMOS 2251 DEB,-53.76506077836732,-70.56418085798381,705.3094506872949
718  COSMOS 2251 DEB,-73.53951955968549,-128.44319421258197,684.4624199053894
719  COSMOS 2251 DEB,58.60746333466088,10.903430964013973,807.6560438262417
720  COSMOS 2251 DEB,-7.379864625617217,22.03599473114229,745.3514525458373
721  COSMOS 2251 DEB,-71.570786078926,-1.972052452872847,748.8633908295391
722  COSMOS 2251 DEB,61.910180362133175,-170.24430109921926,741.186198939863
723  COSMOS 2251 DEB,-27.139080597738293,-162.84859144243464,721.8375270982282
724  COSMOS 2251 DEB,36.62306113306874,-121.28359178064252,767.6016134196013
725  COSMOS 2251 DEB,47.01013363333921,-151.1355616972655,785.2227657206147
726  COSMOS 2251 DEB,55.42884891576297,110.95657616888269,610.7443679315558
727  COSMOS 2251 DEB,3.368117951418293,169.70720970635978,854.6051250587972
728  COSMOS 2251 DEB,-73.86924786893894,-7.153749894545357,807.7928621281796
729  COSMOS 2251 DEB,70.65378918492381,36.49557017524216,789.3359170769959
730  COSMOS 2251 DEB,-69.84835644725548,-62.505784922290175,455.13233507381807
731  COSMOS 2251 DEB,56.447289254282545,-165.40089442093185,712.0262119726128
732  COSMOS 2251 DEB,37.633889876595326,65.86160367554395,752.5624012690004
733  COSMOS 2251 DEB,-67.94965861698516,-112.0117577972178,994.2805819478428
734  COSMOS 2251 DEB,-3.297114960596978,-157.1029542429879,602.6582727179739
735  COSMOS 2251 DEB,-22.874325555967467,97.34162726788855,745.5403647352845
736  COSMOS 2251 DEB,53.67650241869529,174.90762222929527,520.9756550033899
737  COSMOS 2251 DEB,-18.918909962818283,44.960848162796566,720.1072112759205
738  COSMOS 2251 DEB,-39.65245371231609,151.80217780745198,726.1358453049818
739  COSMOS 2251 DEB,-55.28838463686738,100.7395365718854,767.3500391605012
740  COSMOS 2251 DEB,-24.3434303733819,-5.258500729839747,637.288495195558
741  COSMOS 2251 DEB,-14.01069824951884,14.657188878188785,895.1828472529107
742  COSMOS 2251 DEB,14.516288685976937,131.69300307651,735.1006557090692
743  COSMOS 2251 DEB,-25.89987735509876,-25.384782184681097,776.3663218689237
744  COSMOS 2251 DEB,55.4509700503567,-179.54760264797468,697.2561874807283
745  COSMOS 2251 DEB,-36.38549364749169,-176.01919636393467,511.4965189913321
746  COSMOS 2251 DEB,67.95474118779914,153.4725825656308,766.5658341011369
747  COSMOS 2251 DEB,34.67339818598513,-100.5380519375977,780.3846391355621
748  COSMOS 2251 DEB,-67.16626466388973,-149.87624135673371,711.3106183362479
749  COSMOS 2251 DEB,-73.55133854823454,42.98139369463356,846.3760119235511
750  COSMOS 2251 DEB,-2.2402408107797562,-91.55246035785603,680.7695774126171
751  COSMOS 2251 DEB,-59.16145427525183,52.676531122308894,742.4108302515382
752  COSMOS 2251 DEB,-51.91930436776425,-111.2962277427408,730.5312834731957
753  COSMOS 2251 DEB,-45.17044201588624,-11.55666678479957,755.8627292861657
754  COSMOS 2251 DEB,58.19444630711359,173.84075483478,655.6300116585186
755  COSMOS 2251 DEB,3.1222526230256427,106.02484630731527,663.8178624979847
756  COSMOS 2251 DEB,19.894765546927346,-2.0392559111490267,471.13096298070695
757  COSMOS 2251 DEB,58.980505223808436,-157.4957141585058,770.9547076770124
758  COSMOS 2251 DEB,-16.148769392444468,-28.401797360335134,707.4554710162114
759  COSMOS 2251 DEB,-50.0934270806556,95.69055710779469,630.1037845659182
760  COSMOS 2251 DEB,42.13241289002386,21.468525386514422,578.3524526918753
761  COSMOS 2251 DEB,0.36210787360654034,-42.73477102959537,764.5255852670452
762  COSMOS 2251 DEB,23.398356846237142,-63.672557491002195,750.2178676948981
763  COSMOS 2251 DEB,-68.10813590870755,-7.412286640174365,1252.9850251269174
764  COSMOS 2251 DEB,10.754760322817853,-33.38232323104634,750.5284751989362
765  COSMOS 2251 DEB,73.48090448457515,93.62416790529191,681.0478269968427
766  COSMOS 2251 DEB,17.83534942684148,-18.433467706738096,514.734479030571
767  COSMOS 2251 DEB,74.10168830444172,-60.97832927595867,678.0669491670184
768  COSMOS 2251 DEB,73.62382235884716,-164.92395702958717,633.9662143800601
769  COSMOS 2251 DEB,-40.594935025739225,107.68643503982369,606.1170696473107
770  COSMOS 2251 DEB,71.01464025682306,-128.14136314646703,788.3391921305968
771  COSMOS 2251 DEB,2.373767217119457,40.972041812955425,808.8468686080383
772  COSMOS 2251 DEB,-74.10128582753161,-129.27249582914254,749.0289523257418
773  COSMOS 2251 DEB,40.38136426817745,-146.98010072835913,689.3054437015469
774  COSMOS 2251 DEB,-58.04833523705792,-109.99341079358368,732.8009989997092
775  COSMOS 2251 DEB,-27.076969682098483,28.088660284281925,812.8632679823605
776  COSMOS 2251 DEB,-23.53922419003189,85.323537906783,691.9339635881928
777  COSMOS 2251 DEB,73.71162496314382,134.1652722972592,842.9082648506768
778  COSMOS 2251 DEB,44.02879054124058,62.10207431940587,653.424142347745
779  COSMOS 2251 DEB,-73.02796305421658,-166.9286996248967,698.2353144928882
780  COSMOS 2251 DEB,-28.361517873485784,-164.86007556050987,879.4972967221917
781  COSMOS 2251 DEB,-73.92669496287142,-120.56556058178568,830.2738243099933
782  COSMOS 2251 DEB,-60.737559820295104,58.87637508620605,755.8352831559989
783  COSMOS 2251 DEB,15.518150003570058,-153.61789504563532,532.3496662972066
784  COSMOS 2251 DEB,-29.65112881646028,-55.698268660329326,1207.4813081317347
785  COSMOS 2251 DEB,31.707545573841088,151.65145492722652,763.2849056722064
786  COSMOS 2251 DEB,-16.443100663764444,179.4303406327452,666.654322746515
787  COSMOS 2251 DEB,-56.64182373963889,9.664037117131146,469.3742517153251
788  COSMOS 2251 DEB,70.60100967003702,31.940232826147806,754.8364344647467
789  COSMOS 2251 DEB,74.0915260230772,-167.53528735762308,751.9572256167959
790  COSMOS 2251 DEB,-41.606168204485016,-168.60158220538958,736.5261987686126
791  COSMOS 2251 DEB,24.953761999788846,77.57304282945489,668.1000545582706
792  COSMOS 2251 DEB,-17.200531919971304,-8.17916656775416,732.5993658147739
793  COSMOS 2251 DEB,-24.45199202624144,-175.1647861484598,645.9754175907126
794  COSMOS 2251 DEB,-46.140711980161534,-81.87601301876596,706.709407356376
795  COSMOS 2251 DEB,-70.62412714897425,18.54326604050124,736.581127006681
796  COSMOS 2251 DEB,-62.92321707074052,-140.42980196639442,727.0006944127981
797  COSMOS 2251 DEB,69.57900123518,57.415558781545066,676.7095994774967
798  COSMOS 2251 DEB,-31.475606311162117,175.48925826393236,745.4360495923787
799  COSMOS 2251 DEB,19.708330747754466,-140.75047991174833,917.3885013771098
800  COSMOS 2251 DEB,29.054918803554234,76.59359338424318,974.9847013635656
801  COSMOS 2251 DEB,22.516929012972,-46.75773195261923,611.1135451305396
802  COSMOS 2251 DEB,21.683342150392726,-82.99475101776109,703.973062211562
803  COSMOS 2251 DEB,-10.56002951230868,-20.146121206214797,964.226674790199
804  COSMOS 2251 DEB,-17.401336271741823,-61.11219564167046,711.0891464329807
805  COSMOS 2251 DEB,-49.08653418898669,21.563067106046944,725.1721378058303
806  COSMOS 2251 DEB,4.9353289264734626,-128.18727394227997,754.4032608189199
807  COSMOS 2251 DEB,-8.53156994991843,-111.34331665021726,638.8818809809266
808  COSMOS 2251 DEB,-10.334679752348212,-58.79721789614532,926.365598118481
809  COSMOS 2251 DEB,-43.207087596435876,11.8117253533135,404.4522586037697
810  COSMOS 2251 DEB,51.598617357502924,155.27981506902427,1025.1068666459848
811  COSMOS 2251 DEB,-17.509649815083804,-143.6837295725616,829.3697079457429
812  COSMOS 2251 DEB,-33.19279563856148,-39.92724387258459,689.5698271535715
813  COSMOS 2251 DEB,-17.053697280210486,-58.839026420460236,757.3951960281173
814  COSMOS 2251 DEB,-33.84528984898237,-99.17231679385952,746.2527968466345
815  COSMOS 2251 DEB,55.89548479098922,70.57131596887672,676.325260825583
816  COSMOS 2251 DEB,-13.32969397716619,-145.39893698659677,565.7307637301152
817  COSMOS 2251 DEB,64.42248524558848,57.34010044134657,569.1919176634959
818  COSMOS 2251 DEB,-37.49530654436717,49.08193997023106,805.3207482403408
819  COSMOS 2251 DEB,-16.206040479202926,165.0640375265094,744.7372627493
820  COSMOS 2251 DEB,-74.09523947104047,-105.85637039541284,586.6588583192005
821  COSMOS 2251 DEB,-8.770285278719403,-28.314626367166557,764.7239163401912
822  COSMOS 2251 DEB,16.282425765139187,92.96839102831004,580.30513881472
823  COSMOS 2251 DEB,-57.09981519766272,41.60722192004705,769.2096082011277
824  COSMOS 2251 DEB,-38.6676899775456,105.95953421364163,754.9077029622341
825  COSMOS 2251 DEB,-25.639127257755995,-177.00302011804948,603.0452185520618
826  COSMOS 2251 DEB,34.268488804257004,114.87163524597653,698.8535774498589
827  COSMOS 2251 DEB,65.99661660772409,123.41531555403093,694.4195105391818
828  COSMOS 2251 DEB,35.6536391218852,-152.74262100330148,705.9652422739981
829  COSMOS 2251 DEB,-65.93229639951517,-56.01157968576554,579.9236142173554
830  COSMOS 2251 DEB,45.328113222529275,109.12747093758865,694.4834428827348
831  COSMOS 2251 DEB,-57.16196024691163,-69.65484532317662,802.3751502409056
832  COSMOS 2251 DEB,32.81594894472021,149.11573545283855,762.4778305073204
833  COSMOS 2251 DEB,-36.766858810395505,62.52163921286829,808.4055767344245
834  COSMOS 2251 DEB,73.37931985209178,-16.141345525179258,671.863811007168
835  COSMOS 2251 DEB,10.522510204778806,10.59855277654823,789.6216858768042
836  COSMOS 2251 DEB,41.339733216464154,99.57233558441081,695.0506389541838
837  COSMOS 2251 DEB,-4.792898635175425,-114.1513682326342,791.987585144008
838  COSMOS 2251 DEB,73.0878366128684,-153.964049412029,830.3023641846526
839  COSMOS 2251 DEB,70.62289834740976,-144.78826422163974,778.6655002436613
840  COSMOS 2251 DEB,-70.7980119211062,169.7848023947947,1091.859976433411
841  COSMOS 2251 DEB,13.657243073942652,13.140883916756646,799.7239116076491
842  COSMOS 2251 DEB,-50.359548319034396,-26.055054214928592,698.978779023701
843  COSMOS 2251 DEB,44.58364444612056,-52.13702686190199,1255.5146299001917
844  COSMOS 2251 DEB,28.645719292078695,-73.12801528784091,669.6354648104973
845  COSMOS 2251 DEB,11.801963893669958,74.30481629588478,685.7410207028922
846  COSMOS 2251 DEB,-74.06693384578476,-71.61949317281952,632.2582466310587
847  COSMOS 2251 DEB,21.203342693308787,-162.7830932114312,760.0571255993746
848  COSMOS 2251 DEB,-62.815062556677596,115.2380187824418,769.3694420544994
849  COSMOS 2251 DEB,24.299265252698966,38.798716891345045,807.1736010212279
850  COSMOS 2251 DEB,20.262498764967773,79.64654687329896,435.3002892174593
851  COSMOS 2251 DEB,-50.98458966692829,4.934906398457456,637.9913574795671
852  COSMOS 2251 DEB,-67.76856504836081,58.179252433761135,655.4895143703393
853  COSMOS 2251 DEB,-39.60376740199735,41.77335640521507,733.0409961203652
854  COSMOS 2251 DEB,-32.380315735567706,132.76159271169544,698.9340399062852
855  COSMOS 2251 DEB,72.57774241556027,-86.29322686704796,667.6765939610807
856  COSMOS 2251 DEB,22.648560215882533,87.11151514466769,746.0836025848616
857  COSMOS 2251 DEB,-52.606904396627264,-142.12790665095488,722.185942223604
858  COSMOS 2251 DEB,-4.275505862913118,155.69728596006235,597.0080733212018
859  COSMOS 2251 DEB,4.220804938581657,32.69309260532329,679.2185361693688
860  COSMOS 2251 DEB,41.10044263515864,101.28191548204093,763.2234184124137
861  COSMOS 2251 DEB,-7.860316496304168,-171.03792111598247,689.7108622997421
862  COSMOS 2251 DEB,-72.89538004912781,169.0906408804551,797.7754931602769
863  COSMOS 2251 DEB,27.037668809081584,44.07402371599859,813.7650706243254
864  COSMOS 2251 DEB,-72.2427677771376,87.36152544793859,776.1104260097957
865  COSMOS 2251 DEB,-74.14066785827164,-118.61896185018973,1005.5944307295205
866  COSMOS 2251 DEB,10.83233252148765,-121.71091668958036,725.8355945906137
867  COSMOS 2251 DEB,64.59221696738021,-31.30431606407093,810.5229616955345
868  COSMOS 2251 DEB,-30.867893245228288,136.02825075788053,715.9109049274681
869  COSMOS 2251 DEB,11.553113104540587,-104.20814398512219,529.194906912793
870  COSMOS 2251 DEB,-64.1957733583888,84.78118075244261,659.2088349979575
871  COSMOS 2251 DEB,71.95894223094759,-126.8308805535982,751.4045112884621
872  COSMOS 2251 DEB,24.593879059918656,100.73424940498835,677.6685977533003
873  COSMOS 2251 DEB,-17.81415093715204,167.88664606763828,749.7746595476268
874  COSMOS 2251 DEB,41.1338447100832,-110.74845590465505,646.8929888477364
875  COSMOS 2251 DEB,29.063432130540626,2.2962300826853768,600.5993604539531
876  COSMOS 2251 DEB,-56.444038848587894,-106.78656781021431,712.4982454555039
877  COSMOS 2251 DEB,-46.113843355640434,154.8222659577068,1015.4268245147508
878  COSMOS 2251 DEB,3.237750850818687,114.19355612376773,774.3487666302404
879  COSMOS 2251 DEB,-57.30783457673519,-63.942585261362524,618.3253256239365
880  COSMOS 2251 DEB,-27.64336537330471,-47.702336182568686,724.6779911142975
881  COSMOS 2251 DEB,-63.9450184070486,-4.7967008930570705,874.7175912027328
882  COSMOS 2251 DEB,61.61097067937414,86.72628066011258,736.5646355522895
883  COSMOS 2251 DEB,-33.47910256618968,0.5325929888300611,959.0615211787109
884  COSMOS 2251 DEB,-60.72689005582325,-65.62523241955559,885.2899515617198
885  COSMOS 2251 DEB,-7.205622324267874,48.45604069371282,804.81115065834
886  COSMOS 2251 DEB,-44.93559352065503,-62.049150122488506,493.832730179628
887  COSMOS 2251 DEB,-16.065633344714726,-66.35023533781815,672.6355107787143
888  COSMOS 2251 DEB,18.585396582302884,133.34040901738163,752.8068097399071
889  COSMOS 2251 DEB,47.301304351364585,-106.12992130061059,687.7671663816554
890  COSMOS 2251 DEB,26.675471756485027,-70.37195441432011,624.1126711717264
891  COSMOS 2251 DEB,-22.552685048315045,89.31391435445221,475.4224634235069
892  COSMOS 2251 DEB,6.305977159625476,-177.71971123366814,765.8988990198136
893  COSMOS 2251 DEB,-73.40883030745964,-169.7172154655849,687.7156746008451
894  COSMOS 2251 DEB,-11.383619964999228,-141.25075296810368,699.9497509833765
895  COSMOS 2251 DEB,6.200795162212792,173.2142704301086,742.2464400784628
896  COSMOS 2251 DEB,54.070336211035396,166.1227065274411,782.178546278554
897  COSMOS 2251 DEB,30.19751056982558,-153.23667973509393,776.4677399334552
898  COSMOS 2251 DEB,-7.532551029528788,-124.7722894754808,605.7775223523992
899  COSMOS 2251 DEB,-29.75703022359457,113.43532095901503,1177.8126090778665
900  COSMOS 2251 DEB,50.19583638028386,-143.32999856713934,788.2125021635867
901  COSMOS 2251 DEB,-45.73319884666909,157.10362938727133,768.8580780898401
902  COSMOS 2251 DEB,46.86555187080408,68.5107538167952,689.9088271939037
903  COSMOS 2251 DEB,-20.944584895307607,30.49887319641687,753.8998618944853
904  COSMOS 2251 DEB,73.56971411817203,-169.7998512571107,728.8473445322617
905  COSMOS 2251 DEB,-8.25589355606471,-36.07456239216114,855.1802739944953
906  COSMOS 2251 DEB,-48.616668196939585,46.00047823271905,1099.66435963308
907  COSMOS 2251 DEB,-43.37074219412753,-112.78226936503053,735.7201563691965
908  COSMOS 2251 DEB,73.99930975868732,48.70072121026599,1249.4310026536043
909  COSMOS 2251 DEB,41.59058991808439,59.733489046311036,874.7857249351399
910  COSMOS 2251 DEB,71.06645242224563,-7.8224019974665016,776.4364564448617
911  COSMOS 2251 DEB,41.02076745296236,-33.04534214321061,692.5245347555177
912  COSMOS 2251 DEB,70.45122239540194,120.67097788269832,713.4257718783754
913  COSMOS 2251 DEB,-49.163331898090775,-111.5437528564175,596.6567231042245
914  COSMOS 2251 DEB,38.96294263856423,-92.78455466381472,764.6186024212313
915  COSMOS 2251 DEB,39.8834952216606,93.55946128022649,731.2437119354631
916  COSMOS 2251 DEB,-8.758263202775575,-62.06954756137947,644.9056906204501
917  COSMOS 2251 DEB,30.326351499637134,-58.89670476246968,705.2674550752901
918  COSMOS 2251 DEB,-70.11584326904759,167.03049198274132,793.883462103568
919  COSMOS 2251 DEB,-0.6132422786098135,69.8002983920059,725.4506986721897
920  COSMOS 2251 DEB,47.64996481374894,-37.1514456531887,779.044233862978
921  COSMOS 2251 DEB,-59.35548227392537,147.6238344384716,613.3229421635056
922  COSMOS 2251 DEB,-71.82979154134838,-47.57540579372775,752.9726532690353
923  COSMOS 2251 DEB,61.621805533583746,168.49744675280385,766.3182792477495
924  COSMOS 2251 DEB,5.293838265061705,110.60790163205826,678.1306017687483
925  COSMOS 2251 DEB,33.17835410934818,104.05039190990186,670.0078888923128
926  COSMOS 2251 DEB,-33.364141437032615,164.1283162472742,616.2271233637464
927  COSMOS 2251 DEB,-1.1741356280735868,-32.20919439274273,954.8987141672995
928  COSMOS 2251 DEB,59.358853937866556,-69.12210180701543,638.8329704046148
929  COSMOS 2251 DEB,73.82274853052222,116.4165696643832,1318.6380844293355
930  COSMOS 2251 DEB,8.537670646580127,124.78767610742763,594.0410142791673
931  COSMOS 2251 DEB,63.94643587120068,-112.72141971934646,749.2955551440268
932  COSMOS 2251 DEB,-73.42373373423193,153.2555150460948,679.2611475913216
933  COSMOS 2251 DEB,28.851638974231367,161.1882511878617,710.6164537492052
934  COSMOS 2251 DEB,-38.53281444298003,57.02106552407147,746.8365782146217
935  COSMOS 2251 DEB,33.54601677249375,150.0417736905608,674.7768737766122
936  COSMOS 2251 DEB,47.55817468525671,-89.54015316734434,517.664372088396
937  COSMOS 2251 DEB,0.8296035148288712,-76.73922057496716,725.8679664941418
938  COSMOS 2251 DEB,70.66598400379635,9.322703561024815,668.4864935247831
939  COSMOS 2251 DEB,39.03470601956797,-6.226629545688274,586.2011114102091
940  COSMOS 2251 DEB,-20.141800267601788,61.96883971245394,903.2464371086683
941  COSMOS 2251 DEB,-52.3520206135321,40.84365926673108,564.6069418598983
942  COSMOS 2251 DEB,-21.750557928798678,91.12174289024438,776.2230737709835
943  COSMOS 2251 DEB,14.691266881781228,7.199718396164715,876.3972534133377
944  COSMOS 2251 DEB,-2.4931815218577946,-91.63250054182134,690.6719020051906
945  COSMOS 2251 DEB,-9.599505269462805,23.559498994523125,798.5841067404612
946  COSMOS 2251 DEB,37.5343074237664,-25.10339628821162,717.2819535251188
947  COSMOS 2251 DEB,73.9881139129829,3.2097857804615235,670.3948614348528
948  COSMOS 2251 DEB,-65.5958410934802,96.6758903670226,708.2726084310175
949  COSMOS 2251 DEB,10.556229019609704,-87.10429876166918,716.9894307546589
950  COSMOS 2251 DEB,-20.517276945451787,-86.47873103133402,1032.791609204073
951  COSMOS 2251 DEB,-62.774436981235965,-167.36436038524747,739.9385698007337
952  COSMOS 2251 DEB,56.00952284521892,-133.2155661961714,733.2145360208071
953  COSMOS 2251 DEB,73.61550155239833,65.8412285723745,695.0569636206425
954  COSMOS 2251 DEB,-6.111489439128672,170.6760629476303,698.7274451399202
955  COSMOS 2251 DEB,40.08959735367754,19.909583889258396,750.1851335046454
956  COSMOS 2251 DEB,-30.00014502885372,-116.40713716462285,705.5302104423038
957  COSMOS 2251 DEB,-4.086023999752658,-110.63092582697043,770.44331165424
958  COSMOS 2251 DEB,-36.72964671512197,-25.524236719795475,732.6572987975362
959  COSMOS 2251 DEB,-43.86474462604162,122.9263892337109,751.993771191802
960  COSMOS 2251 DEB,-71.77137237910183,158.41357936095662,695.6512159512602
961  COSMOS 2251 DEB,70.65470292435114,-3.1249241069596,652.1898120445229
962  COSMOS 2251 DEB,-51.235827815018006,148.40113878088783,761.3363569111165
963  COSMOS 2251 DEB,-29.907542207766877,62.660869140939106,879.4322305937645
964  COSMOS 2251 DEB,31.814198963550023,-72.7785329997178,577.7921686968245
965  COSMOS 2251 DEB,-63.57065983908507,-158.2932701893042,751.7208004024174
966  COSMOS 2251 DEB,-43.704511927621944,-27.838959982331644,577.3254949553057
967  COSMOS 2251 DEB,11.642237321147952,-160.7532441138762,696.0574199576881
968  COSMOS 2251 DEB,37.87171358079451,-14.908527039149973,798.317889941463
969  COSMOS 2251 DEB,-50.74269880334085,158.11482465512054,775.9798499026738
970  COSMOS 2251 DEB,35.627310161862326,-16.45202031599825,659.0813555345204
971  COSMOS 2251 DEB,-70.15522732399401,-178.2600251167869,583.8657590642705
972  COSMOS 2251 DEB,10.102493887579314,139.22796327138076,739.3479013525534
973  COSMOS 2251 DEB,25.82380533261796,-39.555518564140684,725.561646596079
974  COSMOS 2251 DEB,-5.481732766648425,168.22539686902414,698.5696395704052
975  COSMOS 2251 DEB,-22.23748649124326,-98.45881333576587,581.188357128888
976  COSMOS 2251 DEB,66.20325674125971,-172.79817004128458,577.2663925041579
977  COSMOS 2251 DEB,-45.44079109825002,168.65985294198006,769.7679491465454
978  COSMOS 2251 DEB,-38.594435743438275,160.55349374458612,767.0489408839137
979  COSMOS 2251 DEB,-73.6338686699967,-149.565819244666,648.1845105926028
980  COSMOS 2251 DEB,55.97286241937416,53.20473528350403,678.7895442159537
981  COSMOS 2251 DEB,63.750070454987565,127.85989273258765,763.730399288415
982  COSMOS 2251 DEB,43.78295420121036,106.87878367576693,756.6122079875557
983  COSMOS 2251 DEB,73.02143226437694,117.84979657515049,912.0837104054849
984  COSMOS 2251 DEB,-3.2068127747097264,92.75254843574278,741.151736916599
985  COSMOS 2251 DEB,-36.07283432872576,-146.38195061771367,1637.7595563870807
986  COSMOS 2251 DEB,-32.07489428704885,123.7252901732186,764.8340409278001
987  COSMOS 2251 DEB,39.53676696368729,-140.33708409093526,724.0033777750039
988  COSMOS 2251 DEB,55.42038135537384,96.50067879609352,776.0871027124742
989  COSMOS 2251 DEB,-38.81743066992588,-15.958898805039656,749.3801674888779
990  COSMOS 2251 DEB,3.30508746333249,-73.731786258228,727.4566263185402
991  COSMOS 2251 DEB,-7.312907935690434,37.984143426189135,740.6326396001947
992  COSMOS 2251 DEB,13.986287361662262,-66.13223014827554,709.2513843521803
993  COSMOS 2251 DEB,0.6908951362354739,37.25937625108059,718.7193979879469
994  COSMOS 2251 DEB,-68.4859694515688,137.83509448442874,653.2704715242463
995  COSMOS 2251 DEB,73.14262653054044,158.00995612476433,817.7313537639264
996  COSMOS 2251 DEB,25.81034276893309,28.72088644901767,739.4337052926363
997  COSMOS 2251 DEB,55.260798610827074,55.12262030520537,767.107946773322
998  COSMOS 2251 DEB,-72.78271011928847,-121.46704580357331,488.27333506198534
999  COSMOS 2251 DEB,-33.04328259789977,97.28604199175344,618.7397877203115
1000  COSMOS 2251 DEB,39.091056166717536,33.188692939584115,625.8346492719887
1001  COSMOS 2251 DEB,-9.587432213919417,15.98082223743089,851.3441567323162
1002  COSMOS 2251 DEB,27.059858243127,-53.30555424311088,741.3518415489038
1003  COSMOS 2251 DEB,-17.263422741219784,-112.90912872300075,730.871021776673
1004  COSMOS 2251 DEB,54.238328880837265,31.58120616856485,684.7012514366684
1005  COSMOS 2251 DEB,-37.31092253998277,-117.29699064515474,720.1581599312067
1006  COSMOS 2251 DEB,-37.22035171755468,128.79515018821925,719.1482992402181
1007  COSMOS 2251 DEB,-63.09841469388412,-128.1362981567504,730.354684853359
1008  COSMOS 2251 DEB,-7.539010155294575,165.12185759696672,1500.8716404282425
1009  COSMOS 2251 DEB,54.24572383971003,-111.84922167817437,752.0564123904369
1010  COSMOS 2251 DEB,-42.09447582486876,64.03463828732998,749.2631320798303
1011  COSMOS 2251 DEB,-3.765616737992065,71.2934325175807,774.8058064240076
1012  COSMOS 2251 DEB,21.107323262513727,-93.91523728795748,1006.6435942604747
1013  COSMOS 2251 DEB,-62.73260049134807,-89.48351296507776,748.3633418882532
1014  COSMOS 2251 DEB,-18.219577097333264,88.413893195149,817.6203846548435
1015  COSMOS 2251 DEB,53.609194128913785,-110.47893166398971,716.152064332386
1016  COSMOS 2251 DEB,-74.00473315672946,4.146146906887738,599.3766014414632
1017  COSMOS 2251 DEB,25.008715554687747,-52.15821626127477,1085.3741158042114
1018  COSMOS 2251 DEB,-44.99060451877023,80.11548193498855,824.4656108601483
1019  COSMOS 2251 DEB,-58.82265594976972,33.67696223542933,1142.661132318468
1020  COSMOS 2251 DEB,-67.95362338131785,125.09181306066444,732.9907884626351
1021  COSMOS 2251 DEB,6.179528444917632,123.36758897402633,753.8665094913878
1022  COSMOS 2251 DEB,-10.864526362945362,-95.76488378493502,667.2650595196076
1023  COSMOS 2251 DEB,23.630962693113375,63.79560428589296,717.8381519246653
1024  COSMOS 2251 DEB,-74.03775980576427,-129.81665892201687,741.2559504778204
1025  COSMOS 2251 DEB,52.13067355687648,27.581778783878818,548.356088890592
1026  COSMOS 2251 DEB,43.740702537897924,100.35770609025626,692.056975319462
1027  COSMOS 2251 DEB,28.237080718388913,63.43459505187923,1238.5698552832712
1028  COSMOS 2251 DEB,-71.70736920796499,32.89030066090365,632.5980323891431
1029  COSMOS 2251 DEB,63.11601718554529,-150.96207513213923,639.4575089264864
1030  COSMOS 2251 DEB,-14.654225395454874,-129.2417746505938,706.7076637227575
1031  COSMOS 2251 DEB,-13.97474006775208,119.56366161801795,712.6800483198216
1032  COSMOS 2251 DEB,-45.84102337849814,-122.50323451787453,1038.8654884848477
1033  COSMOS 2251 DEB,40.638116326819954,176.34957112318398,775.9599600084757
1034  COSMOS 2251 DEB,23.381503840480384,-59.71663942643912,732.7031429496291
1035  COSMOS 2251 DEB,59.39536838845778,128.0238444055431,737.7536917250367
1036  COSMOS 2251 DEB,69.0343219525972,-83.47065498096997,843.2048918672571
1037  COSMOS 2251 DEB,13.267919795362452,39.66784597903608,805.5914836524997
1038  COSMOS 2251 DEB,27.39594047406133,133.4847054918013,968.3986853982198
1039  COSMOS 2251 DEB,-63.18311607919173,131.31381681800116,785.1578857283706
1040  COSMOS 2251 DEB,25.795785870321144,-5.962516021482876,679.6361016082392
1041  COSMOS 2251 DEB,-73.98786704473846,31.93621588518925,745.0284982647921
1042  COSMOS 2251 DEB,-0.6623335944333172,-25.686979115743153,626.8196023010936
1043  COSMOS 2251 DEB,-63.984714317165896,-79.46036629597444,756.4729410548224
1044  COSMOS 2251 DEB,-68.60959229507479,81.09267875509997,633.329999599802
1045  COSMOS 2251 DEB,13.794831135177116,64.82175866645757,615.3567369863334
1046  COSMOS 2251 DEB,-73.07379545057934,-70.06523346746727,1025.86324906361
